0,391
88,35
88,2
88,0
0,202
0,547
0,301
0,300
98,3
98,2
98,1
98,0
96,4
96,3
96,2
96,1
96,0
94,3
94,2
94,1
94,0
95,4
95,3
95,2
95,1
95,0
0,572
97,4
97,3
97,2
97,1
97,0
0,390
0,389
0,305
0,549
0,387
0,539
0,193
0,192
0,54
0,53
0,540
0,295
0,292
0,291
0,290
0,289
0,287
0,284
0,281
0,280
0,384
0,564
0,563
0,243
0,386
0,11
0,7
0,279
0,556
0,388
0,480
0,575
0,562
0,527
0,561
0,574
0,559
0,544
0,570
0,472
0,560
0,434
0,418
0,573
0,435
0,479
0,523
0,530
0,478
0,522
0,477
0,521
0,507
0,506
0,475
0,504
0,520
0,543
0,542
0,534
0,490
0,278
0,571
0,9
0,555
0,512
0,554
0,533
0,471
0,541
0,551
0,464
0,288
0,269
0,459
0,455
0,454
0,491
0,451
0,526
0,448
0,516
0,447
0,446
0,445
0,525
0,442
0,441
0,439
0,438
0,437
0,397
0,511
0,510
0,458
0,422
0,395
0,508
0,505
0,474
0,473
0,524
